ISTA   4208830.07575    2334850.54332    4171267.36533   29.01934   41.10445 
ANKR   4121948.49295    2652188.00826    4069023.89673   32.75847   39.88737
TUBI   4211317.09786    2377866.19355    4144663.30494   29.45068   40.78672
MERS   4239149.27694    2886968.01298    3778877.15905   34.25584   36.56639
CRAO   3783896.84338    2551404.61633    4441264.40005   33.99098   44.41326
BUCU   4093760.65206    2007794.03901    4445130.11488   26.12574   44.46394
MATE   4641949.31441    1393045.67149    4133287.65609   16.70446   40.64913
WTZR   4075580.34359     931854.02069    4801568.26761   12.87891   49.14420
WSRT   3828735.66345     443305.16546    5064884.83722    6.60451   52.91461 
SOFI   4319371.86633    1868688.02698    4292064.05339   23.39473   42.55609
